0 0.69921875 0.353125 0.528125 0.69375
0 0.890625 0.3625 0.153125 0.59375
0 0.6375 0.36796875 0.10625 0.4421875
0 0.553125 0.37734375 0.153125 0.4640625
0 0.7453125 0.41328125 0.153125 0.453125
0 0.8265625 0.42578125 0.165625 0.55625
0 0.21796875 0.52578125 0.428125 0.728125
0 0.33984375 0.55703125 0.18125 0.6140625
0 0.128125 0.56328125 0.2484375 0.4484375
0 0.2171875 0.61171875 0.25625 0.55625
0 0.54765625 0.7953125 0.5921875 0.409375
0 0.36328125 0.796875 0.2265625 0.40625
0 0.76875 0.8109375 0.153125 0.378125
0 0.45546875 0.86328125 0.1734375 0.2734375
0 0.66328125 0.86328125 0.1296875 0.2734375
0 0.5546875 0.87109375 0.096875 0.2578125
